006238100
006272700
006272600
006261400
006247200
006238102
006273900
006262000
006262200
006259500
006259000
006259200
006262700
006262900
214517900
006274400
006248400
214517800
006264002
006249700
006249100
006264000
006242800
006249800
215636300
215636200
006264003
006264001
006243100
006235600
006270100
006270900
006242802
006255400
006255600
006270700
006267200
006244800
006242803
006256100
208346600
006237400
006256500
006242804
006237100
006268400
006245800
006237800
006237700
006245700
006268600
097533900
006268700
006257500
006246400
006238300
006246900
006238900
006246500
006258000
006258900
006251400
006251500
006240400
006240300
006240600
006263600
006263300
006240700
006252500
006252100
006252000
006241500
006241100
006264100
006253000
006234900
006253200
006242801
006253400
006253300
006276500
006265700
006254100
006239000
006265500
006265400
006277200
006239800
006277800
006238101
006254800
006266400
006266300
006278000
216823000
006271100
216823200
216823100
216823300
006271200
006271700
006260000
006260900
006272000
